1 1 1 1 1 1 0 0 0 0 0 0 0 1 1 1 1 0 0 0 0 0 0 0 0 0 0 0 0 0 0 0 0 0 0 0 0 0 0 0 0 0 0 0 0 0 0 0 0 0 
1 1 1 1 1 1 0 2 2 2 2 2 0 1 1 1 1 0 2 2 2 2 2 2 2 2 2 2 2 2 2 2 2 2 2 2 2 2 2 2 2 2 2 2 2 2 2 2 2 0 
1 1 1 1 1 1 0 2 2 2 2 2 0 1 1 1 1 0 2 2 2 2 2 2 2 2 2 2 2 2 2 2 2 2 2 2 2 2 2 2 2 2 2 2 2 2 2 2 2 0 
0 0 0 0 0 1 0 2 2 2 2 2 0 1 0 0 0 0 2 2 2 2 2 2 2 2 2 2 2 2 2 2 2 2 2 2 2 2 2 2 0 2 2 2 2 11 2 2 2 0 
0 2 2 2 0 1 0 2 2 2 2 2 0 1 0 2 2 2 2 2 2 2 2 0 0 0 0 0 0 0 0 0 2 2 2 2 2 2 2 0 0 0 2 2 2 2 2 2 2 0 
0 2 2 2 0 1 0 2 2 2 2 2 0 1 0 2 2 2 2 2 2 2 2 0 1 1 1 1 1 1 1 0 2 2 2 2 2 2 0 0 0 0 0 2 2 2 2 2 2 0 
0 2 2 2 0 1 0 2 2 2 2 2 0 1 0 2 2 2 2 2 2 2 2 0 1 1 1 1 1 1 1 0 2 2 2 2 2 2 2 2 2 2 2 2 2 2 2 11 2 0 
0 2 2 2 0 0 0 2 2 2 2 2 0 0 0 2 2 2 2 2 2 11 2 0 1 1 1 1 1 1 1 0 2 2 2 0 2 2 2 2 2 2 2 2 2 0 2 2 2 0 
0 2 2 2 2 2 2 2 2 2 2 2 2 2 2 2 2 2 2 2 2 2 2 0 1 1 1 1 1 1 1 0 2 2 0 0 2 2 2 2 9 2 2 2 2 0 0 2 2 0 
0 2 2 2 2 2 2 2 2 2 2 2 2 2 2 2 2 2 2 2 2 2 2 0 1 1 1 1 1 1 1 0 2 0 0 0 2 2 2 9 3 9 2 2 2 0 0 0 2 0 
0 0 0 0 0 0 0 0 0 0 2 2 0 0 0 0 2 2 2 11 2 2 2 0 1 1 1 1 1 1 1 0 2 2 0 0 2 2 2 2 9 2 2 2 2 0 0 2 2 0 
1 1 1 0 0 0 0 0 0 0 2 2 0 0 0 0 0 0 0 0 0 0 0 0 1 1 1 1 1 1 1 0 2 2 2 0 2 2 2 2 2 2 2 2 2 0 2 2 2 0 
1 1 1 0 2 2 2 2 2 2 2 2 2 2 2 2 2 2 2 2 0 1 1 1 1 1 1 1 1 1 1 0 2 2 2 2 2 2 2 2 2 2 2 2 2 2 2 2 2 0 
1 1 1 0 2 2 2 2 2 2 2 2 2 2 2 2 2 2 2 2 0 0 0 0 0 0 0 0 0 0 1 0 2 2 11 2 2 2 0 0 0 0 0 2 2 11 2 2 2 0 
1 1 1 0 2 2 2 2 0 0 0 0 0 0 0 0 0 0 2 2 2 2 2 2 2 2 2 9 3 0 1 0 2 2 2 2 2 2 2 0 0 0 2 2 2 2 2 2 2 0 
1 1 1 0 2 2 0 0 0 1 1 1 1 1 1 1 1 0 2 2 2 2 2 2 2 2 2 9 9 0 1 0 2 2 2 2 2 2 2 2 0 2 2 2 2 2 2 2 2 0 
1 1 1 0 2 2 0 0 1 1 1 1 1 1 1 1 1 0 0 0 0 0 0 0 0 0 0 0 0 0 1 0 2 2 2 2 11 2 2 2 2 2 2 2 2 2 2 2 2 0 
1 1 1 0 2 2 0 0 0 0 0 0 0 0 0 0 0 0 1 1 1 1 1 1 1 1 1 1 1 1 1 0 2 2 2 2 2 2 2 2 2 2 2 2 2 11 2 2 2 0 
1 1 1 0 2 2 0 0 11 0 11 0 11 0 0 2 2 0 1 1 1 1 1 1 1 1 1 1 1 1 1 0 0 0 0 0 0 0 0 0 0 0 0 0 0 0 0 0 0 0 
1 1 1 0 2 2 2 2 2 2 2 2 2 2 2 2 2 0 1 1 1 1 1 1 1 1 1 1 1 1 1 1 1 1 1 1 1 1 1 1 1 1 1 1 1 1 1 1 1 1 
1 1 1 0 2 2 2 2 2 2 2 2 2 2 2 2 2 0 1 1 1 1 1 1 1 1 1 1 1 1 1 1 1 1 1 1 1 1 1 1 1 1 1 1 1 1 1 1 1 1 
1 1 1 0 0 0 0 0 0 0 0 0 0 0 0 2 2 0 1 1 1 1 1 1 1 1 1 1 1 1 1 1 1 1 1 1 1 1 1 1 1 1 1 1 1 1 1 1 1 1 
1 1 1 0 0 0 0 0 0 0 0 0 0 0 0 2 2 0 1 1 1 1 1 1 1 1 1 1 1 1 1 1 1 1 1 1 1 1 1 1 1 1 1 1 1 1 1 1 1 1 
1 1 1 0 2 2 2 2 2 2 2 2 2 2 2 2 2 0 1 1 1 1 1 1 1 1 1 1 1 1 1 1 1 1 1 1 1 1 1 1 1 1 1 1 1 1 1 1 1 1 
1 1 1 0 2 2 2 2 2 2 2 2 2 2 2 2 2 0 1 1 1 1 1 1 1 1 1 1 1 1 1 1 1 1 1 1 1 1 1 1 1 1 1 1 1 1 1 1 1 1 
1 1 1 0 2 2 0 11 0 11 0 11 0 11 0 0 0 0 1 1 1 1 1 1 1 1 1 1 1 1 1 1 1 1 1 1 1 1 1 1 1 1 1 1 1 1 1 1 1 1 
1 1 1 0 2 2 0 0 0 0 0 0 0 0 0 0 0 0 0 1 1 1 1 1 1 1 1 1 1 1 1 1 1 1 1 1 1 1 1 1 1 1 1 1 1 1 1 1 1 1 
1 1 1 0 2 2 2 2 2 2 2 2 2 2 2 2 2 2 0 1 1 1 1 1 1 1 1 1 1 1 1 1 1 1 1 1 1 1 1 1 1 1 1 1 1 1 1 1 1 1 
1 1 1 0 2 2 2 2 2 2 2 2 2 2 2 2 2 2 0 0 0 0 1 1 1 1 1 1 1 1 1 1 1 1 1 1 1 1 1 1 1 1 1 1 1 1 1 1 1 1 
1 1 1 0 2 6 2 2 2 2 2 2 2 2 2 2 2 2 2 2 2 0 1 1 1 1 1 1 1 1 1 1 1 1 1 1 1 1 1 1 1 1 1 1 1 1 1 1 1 1 
1 1 1 0 2 2 2 2 2 2 2 2 2 6 2 2 2 2 6 2 2 0 1 1 1 1 1 1 1 1 1 1 1 1 1 1 1 1 1 1 1 1 1 1 1 1 1 1 1 1 
1 1 1 0 2 2 2 2 2 2 2 2 2 2 2 2 2 2 2 2 2 0 1 1 1 1 1 1 1 1 1 1 1 1 1 1 1 1 1 1 1 1 1 1 1 1 1 1 1 1 
1 1 1 0 2 2 2 2 2 2 2 2 2 2 2 2 2 2 2 2 2 0 1 1 1 1 1 1 1 1 1 1 1 1 1 1 1 1 1 1 1 1 1 1 1 1 1 1 1 1 
1 1 1 0 2 2 2 2 2 2 6 2 2 2 2 2 2 0 0 0 0 0 1 1 0 0 0 0 0 0 0 0 0 0 0 1 1 1 1 1 1 1 1 1 1 1 1 1 1 1 
1 1 1 0 2 6 2 2 2 2 2 2 2 2 2 2 2 0 1 1 1 1 1 1 0 2 2 2 2 2 2 2 2 3 0 1 1 1 1 1 1 1 1 1 1 1 1 1 1 1 
1 1 1 0 2 2 2 2 2 2 2 2 2 2 2 2 2 0 1 1 1 0 0 0 0 2 2 2 2 2 2 2 2 2 0 1 1 1 1 1 1 1 1 1 1 1 1 1 1 1 
<<<<<<< Updated upstream
1 1 1 0 2 2 2 2 2 2 2 2 2 2 2 2 2 0 1 1 1 0 2 2 2 2 2 6 2 2 2 6 2 2 0 1 1 1 1 1 1 1 1 1 1 1 1 1 1 1 
0 0 0 0 2 2 2 2 2 2 2 2 2 2 6 2 2 0 1 1 1 0 2 2 2 2 2 2 2 2 2 2 2 2 0 1 1 1 1 1 1 1 1 1 1 1 1 1 1 1 
0 2 2 2 2 2 2 2 2 6 2 2 2 2 2 2 2 0 0 0 0 0 2 6 2 2 2 2 2 2 2 2 2 2 0 1 1 1 1 1 1 1 1 1 1 1 1 1 1 1 
0 2 2 2 2 2 2 2 2 2 2 2 2 2 2 2 2 2 2 2 2 2 2 2 2 2 2 6 2 2 2 2 6 2 0 1 1 1 1 1 1 1 1 1 1 1 1 1 1 1 
0 2 2 6 2 2 2 2 2 2 2 2 2 2 2 2 2 2 2 2 6 2 2 2 2 2 2 2 2 2 2 2 2 2 0 1 1 1 1 1 1 1 1 1 1 1 1 1 1 1 
0 2 2 2 2 2 2 2 6 2 2 2 2 2 2 2 6 2 0 0 0 2 2 2 2 2 2 6 2 2 0 0 0 0 0 1 1 1 1 1 1 1 1 1 1 1 1 1 1 1 
=======
0 0 0 0 2 2 2 2 2 2 2 2 2 2 2 2 2 0 1 1 1 0 2 2 2 2 2 9 2 2 2 9 2 2 0 1 1 1 1 1 1 1 1 1 1 1 1 1 1 1 
0 6 7 0 2 2 2 2 2 2 2 2 2 2 9 2 2 0 1 1 1 0 2 2 2 2 2 2 2 2 2 2 2 2 0 1 1 1 1 1 1 1 1 1 1 1 1 1 1 1 
0 2 2 2 2 2 2 2 2 9 2 2 2 2 2 2 2 0 0 0 0 0 2 9 2 2 2 2 2 2 2 2 2 2 0 1 1 1 1 1 1 1 1 1 1 1 1 1 1 1 
0 2 2 2 2 2 2 2 2 2 2 2 2 2 2 2 2 2 2 2 2 2 2 2 2 2 2 9 2 2 2 2 9 2 0 1 1 1 1 1 1 1 1 1 1 1 1 1 1 1 
0 2 2 9 2 2 2 2 2 2 2 2 2 2 2 2 2 2 2 2 9 2 2 2 2 2 2 2 2 2 2 2 2 2 0 1 1 1 1 1 1 1 1 1 1 1 1 1 1 1 
0 2 2 2 2 2 2 2 9 2 2 2 2 2 2 2 9 2 0 0 0 2 2 2 2 2 2 9 2 2 0 0 0 0 0 1 1 1 1 1 1 1 1 1 1 1 1 1 1 1 
>>>>>>> Stashed changes
0 2 2 2 2 2 2 2 2 2 2 2 2 2 2 2 2 2 0 1 0 2 2 2 2 2 2 2 2 2 0 1 1 1 1 1 1 1 1 1 1 1 1 1 1 1 1 1 1 1 
0 2 2 0 0 0 0 2 2 2 2 2 2 6 2 2 2 2 0 1 0 2 2 2 2 2 2 2 2 2 0 1 1 1 1 1 1 1 1 1 1 1 1 1 1 1 1 1 1 1 
0 2 2 0 1 1 0 2 2 2 2 2 2 2 2 2 2 2 0 1 0 0 0 0 0 2 2 2 2 2 0 1 1 1 1 1 1 1 1 1 1 1 1 1 1 1 1 1 1 1 
<<<<<<< Updated upstream
0 2 6 0 1 1 0 0 0 0 0 0 0 0 0 0 0 0 0 1 1 1 1 1 0 2 2 2 2 2 0 1 1 1 1 1 1 1 1 1 1 1 1 1 1 1 1 1 1 1 
0 3 2 0 1 1 1 1 1 1 1 1 1 1 1 1 1 1 1 1 1 1 1 1 0 2 2 2 2 2 0 1 1 1 1 1 1 1 1 1 1 1 1 1 1 1 1 1 1 1 
=======
0 2 10 0 1 1 0 0 0 0 0 0 0 0 0 0 0 0 0 1 1 1 1 1 0 2 2 2 2 2 0 1 1 1 1 1 1 1 1 1 1 1 1 1 1 1 1 1 1 1 
0 5 19 0 1 1 1 1 1 1 1 1 1 1 1 1 1 1 1 1 1 1 1 1 0 2 2 2 2 2 0 1 1 1 1 1 1 1 1 1 1 1 1 1 1 1 1 1 1 1 
>>>>>>> Stashed changes
0 0 0 0 1 1 1 1 1 1 1 1 1 1 1 1 1 1 1 1 1 1 1 1 0 0 0 0 0 0 0 1 1 1 1 1 1 1 1 1 1 1 1 1 1 1 1 1 1 1 
1 1 1 1 1 1 1 1 1 1 1 1 1 1 1 1 1 1 1 1 1 1 1 1 1 1 1 1 1 1 1 1 1 1 1 1 1 1 1 1 1 1 1 1 1 1 1 1 1 1 
1 1 1 1 1 1 1 1 1 1 1 1 1 1 1 1 1 1 1 1 1 1 1 1 1 1 1 1 1 1 1 1 1 1 1 1 1 1 1 1 1 1 1 1 1 1 1 1 1 1 
